726 32456
19610
3799
29632
14868
21460
24735
4490
19576
523
23285
30806
27646
15940
32391
13434
29461
28976
19900
29064
31791
8922
23414
18169
11258
26911
26675
21819
13729
13758
31440
7531
31552
6156
31649
20626
16603
22932
18853
15661
26784
9274
19360
11160
30764
18172
3612
9519
30496
3096
30890
8910
8593
748
23141
29885
19882
24268
27581
8893
17976
20787
16564
31203
16664
7938
759
25253
5118
30274
6763
9661
14435
4615
31418
2820
8652
9174
30635
10890
26710
5381
11967
7450
19861
10824
20520
6264
6312
31780
15997
6625
22627
8060
10181
24344
11497
18907
5795
20374
8355
13860
8221
23372
28636
1978
9634
2657
28891
17175
25902
4975
5386
21284
26531
22346
1537
29216
7970
1019
7221
12420
27788
22775
26975
24296
7385
28075
28897
21669
10815
4874
9214
21811
11772
14697
6621
23517
3945
26474
3728
12316
5933
6915
631
20995
26408
2689
1742
22967
18986
24264
6714
14127
15783
14443
8873
9050
10247
17808
31688
14131
2963
22775
18611
12930
7753
270
4984
29429
11437
4310
8580
1256
12748
4571
15307
22605
9596
5979
30702
272
2907
22016
6344
7807
25771
14630
20107
21201
18215
14589
20940
11821
24446
32167
26818
22313
29396
6553
14110
19657
26582
8428
24448
80
10962
9014
15992
1114
23849
6213
16152
17872
32366
26073
5873
25557
23610
7263
30234
21176
26619
9825
2531
25856
17891
9460
27848
10507
7316
29045
7900
13897
2223
2571
13002
15306
20165
15765
964
280
16091
2190
26501
1809
32005
19920
24601
14900
22541
5070
5721
18296
844
27943
26738
16574
4382
29286
19478
12893
21585
32058
1617
7254
13403
21266
32234
561
28246
6596
11395
25395
14505
4099
15272
30692
2154
7468
989
25693
23889
5746
29664
31515
20889
2428
8743
17558
9957
27957
11396
5074
10167
21522
20475
31379
7389
218
3219
16103
10179
24369
20824
9084
26636
28230
28044
10407
23423
25009
24953
15673
30787
21144
7682
25798
12118
17000
11638
8122
219
29418
9011
3572
4760
28535
11433
28992
16185
4298
4274
6986
19850
28786
27490
12417
10512
2426
28031
6061
9767
31452
26520
21137
5104
17212
31053
18909
3416
3135
18259
21114
17800
22308
5361
12356
17743
3660
22744
28616
20148
9254
21486
11267
30344
19907
24945
12196
16167
4207
21880
30288
21409
1414
24355
11177
27214
24325
1473
1567
3990
29928
3219
31624
3377
7400
13609
9948
2142
11438
2159
2869
14455
16102
31912
19309
9536
7501
13249
20922
10711
20175
31303
1955
1680
26421
25376
9677
9512
28538
10416
28000
18108
17847
13075
16105
14274
20711
10273
9541
14448
11089
25156
26966
18769
11350
29980
3478
3801
20968
18266
20146
3627
5630
7916
5074
8802
2299
29861
30679
2235
778
12579
22510
3039
12363
27400
19594
29254
2442
16396
29876
28539
2341
12002
23425
30106
240
29552
20872
2639
30001
21718
31744
17891
17216
15830
4089
1408
6254
12208
21879
20565
31516
26734
16078
29844
11299
22716
3859
21064
31047
24557
9315
17350
17096
4674
1702
16277
15660
9183
32053
6160
3196
29167
2584
4302
29121
438
21652
21643
486
7179
10957
9671
19173
20134
1611
30350
27499
12082
28224
4648
13665
31351
20133
10220
21838
29964
13860
14808
5341
27781
19999
3304
7223
16294
21854
23574
17036
19693
32411
29373
30761
9518
387
12599
15754
28229
24495
6627
29776
27881
16574
28556
1329
13089
4083
28511
22893
3160
20965
12783
19266
23813
19803
23098
22014
13114
27223
14607
17773
29120
27196
4139
11171
11513
172
21714
28850
22844
21615
21382
21801
15358
19320
12188
25451
6959
2918
29351
17527
29310
27261
29538
15730
12102
26663
31735
23706
1566
5940
25262
2266
31958
20403
22787
3843
16210
3790
542
26487
15662
25505
1738
31740
26372
29085
13082
7333
5582
7551
19772
18062
31021
27705
12729
72
29094
9348
58
10790
15957
9325
29323
16325
10218
581
20639
19921
26291
4708
11083
14998
7547
19596
5497
12635
31791
31708
15474
348
21955
10068
16673
19199
1043
28543
2168
9236
21314
29158
11607
5922
24326
13084
11217
4953
26146
18953
15169
23409
8607
21010
24694
27652
10887
28767
8698
10549
1650
441
19074
18311
228
31397
14910
5911
3311
11082
9667
7081
1601
9966
21768
925
12658
12934
26391
1787
7228
26416
13229
8024
29100
30765
718
24012
15141
23280
25828
16262
25880
28085
6140
1789
26699
27271
28397
1905
19827
941
4360
15002
18705
3231
14506
7287
12303
30976
10162
2093
26160
10739
23763
